0.0 2.68731512005e-08 3.27275834187e-08
0.05 5.19548430713e-05 4.55414289119e-05
0.1 0.000621491749097 0.000546960906918
0.15 0.00305187632355 0.00271502239553
0.2 0.00918574974044 0.00826630158985
0.25 0.0218423426583 0.0198244630651
0.3 0.0431526970044 0.0393427109453
0.35 0.0721547903298 0.0662226414262
0.4 0.118998806912 0.110064012615
0.45 0.177879814663 0.165617499689
0.5 0.259036300524 0.243078773255
0.55 0.328550526184 0.310090377387
0.6 0.418904664343 0.398182583519
0.65 0.503146422001 0.481350276942
0.7 0.587761197831 0.566300730032
0.75 0.652031412012 0.632986238662
0.8 0.695805654764 0.680652971533
0.85 0.705194587847 0.698181697092
0.9 0.680950734035 0.685154766139
0.95 0.608851808251 0.630926015205
1.0 0.478481409193 0.527712321577
