0.0 0.00453037417892 0.00551189579072
0.05 0.0760648671806 0.0707780192467
0.1 0.169893937703 0.158483233421
0.15 0.281906403935 0.265083189161
0.2 0.386816179443 0.366073951039
0.25 0.482952420375 0.459913356128
0.3 0.565104815592 0.540865529406
0.35 0.632715446437 0.60794085413
0.4 0.681931417587 0.657222813252
0.45 0.710074914487 0.685379610936
0.5 0.722053107419 0.697423397659
0.55 0.71502143611 0.690373927762
0.6 0.681568221742 0.656753810033
0.65 0.628147734774 0.603470523701
0.7 0.566262761367 0.542165418494
0.75 0.473129830004 0.450276317328
0.8 0.382405123529 0.361729667187
0.85 0.274184896099 0.25753041263
0.9 0.170844398653 0.159346053183
0.95 0.0755843502778 0.0703337934697
1.0 0.00453037417892 0.00551189579072
