0.0 2.75173503434e-05 3.35119234309e-05
0.05 0.0037961967446 0.00339439593567
0.1 0.018558210222 0.0166941445613
0.15 0.0465873132081 0.0423125300543
0.2 0.0913568840867 0.0837276358582
0.25 0.155505564824 0.143845554234
0.3 0.227395783696 0.212009228997
0.35 0.316597662313 0.29754925777
0.4 0.404050318224 0.382175232303
0.45 0.482490369418 0.458895203449
0.5 0.561987750499 0.53724083945
0.55 0.630545213377 0.605711048183
0.6 0.679928987867 0.65532251914
0.65 0.710997522972 0.687364757383
0.7 0.720529745464 0.697994700103
0.75 0.704442110103 0.683291452358
0.8 0.664544388959 0.645727083936
0.85 0.595007828428 0.579528287595
0.9 0.473406926315 0.465343713195
0.95 0.321411971286 0.324477509746
1.0 0.116326402233 0.138167151842
