0.0 6.85099169783e-26 9.02003852858e-26
0.05 2.76177812918e-14 2.58184778387e-14
0.1 9.23489324396e-11 8.6258427966e-11
0.15 7.54705711296e-09 7.04738283393e-09
0.2 1.63998661824e-06 1.53097811412e-06
0.25 4.41891668451e-05 4.12704829998e-05
0.3 0.00106039725344 0.00100314651046
0.35 0.00677116180391 0.00642151225141
0.4 0.0296317660646 0.0282628793327
0.45 0.0999411844957 0.0961321168788
0.5 0.241412440284 0.234019939568
0.55 0.438369201766 0.428192413943
0.6 0.64475079435 0.6340880597
0.65 0.781363230905 0.771904347643
0.7 0.833261045728 0.824682402768
0.75 0.780060187733 0.770679099081
0.8 0.618438941156 0.607734224715
0.85 0.347421659408 0.338125480581
0.9 0.107165824399 0.102983413298
0.95 0.00875069111807 0.00828751791926
1.0 1.71629774321e-07 2.25968321257e-07
