0.0 0.000266499958839 0.000308476241617
0.05 0.00892981457379 0.00780270613946
0.1 0.0254518551246 0.0223644181316
0.15 0.0506392495593 0.0448401549776
0.2 0.0837733243118 0.0749633484447
0.25 0.123210773241 0.111004263847
0.3 0.168781414832 0.153294048397
0.35 0.220714374507 0.201928104434
0.4 0.273311638455 0.251685258345
0.45 0.331886444331 0.308055599359
0.5 0.390045025854 0.364340316782
0.55 0.442903151862 0.416719225849
0.6 0.492738696236 0.466443157461
0.65 0.547849639476 0.523280211594
0.7 0.58572509187 0.564048924633
0.75 0.620397526731 0.603034669632
0.8 0.644710182708 0.633239121064
0.85 0.657851544182 0.654841461237
0.9 0.657096563793 0.664518679481
0.95 0.639846147609 0.659695861669
1.0 0.609005866257 0.643238497443
