0.0 0.00845812191942 0.00977773754018
0.05 0.0621531715373 0.0571431044301
0.1 0.116910546903 0.106480684395
0.15 0.179822034196 0.164277899769
0.2 0.247019892969 0.226802862821
0.25 0.307650982724 0.283919805642
0.3 0.367966208477 0.341315126647
0.35 0.424644081974 0.395663630488
0.4 0.486590028343 0.455907677729
0.45 0.537317561576 0.505850715555
0.5 0.576541113582 0.545465095087
0.55 0.611715666311 0.581393736245
0.6 0.631843928712 0.603563638155
0.65 0.645260244629 0.619974021347
0.7 0.651992773995 0.629756407991
0.75 0.63690990403 0.620882365757
0.8 0.615984105366 0.605784977354
0.85 0.576836925316 0.575092592815
0.9 0.527720209041 0.535288443693
0.95 0.458845389984 0.478568597284
1.0 0.37106638502 0.405805674688
