0.0 0.0988555465441 0.112676056338
0.05 0.206609671453 0.209004933845
0.1 0.307071234771 0.29985106274
0.15 0.395685152796 0.380806828852
0.2 0.465361293678 0.445148271447
0.25 0.521675015753 0.497559709774
0.3 0.572657731971 0.545368775075
0.35 0.611554644509 0.581911600512
0.4 0.639570840987 0.608561058472
0.45 0.656951451087 0.625216081946
0.5 0.663319877547 0.63116128041
0.55 0.65624178079 0.6244020828
0.6 0.640355736499 0.609112283397
0.65 0.610832161915 0.581315851473
0.7 0.576519702454 0.548850123773
0.75 0.522942516288 0.498888058045
0.8 0.462182709392 0.442249560393
0.85 0.392938112663 0.378196841656
0.9 0.305154168783 0.298043055911
0.95 0.207920060247 0.210112027315
1.0 0.0988555465441 0.112676056338
