0.0 8.4759994928e-15 1.11595292135e-14
0.05 5.0204098962e-07 4.69688367194e-07
0.1 9.86374249073e-05 9.24011695688e-05
0.15 0.00238963806134 0.00225343165049
0.2 0.0215914846562 0.0205301590262
0.25 0.0911751541479 0.0874973059894
0.3 0.243463573063 0.235873235092
0.35 0.464969517048 0.45443450975
0.4 0.657748670194 0.647015366639
0.45 0.790095984249 0.780715511787
0.5 0.834902475082 0.82631302481
0.55 0.790083350234 0.780732028764
0.6 0.660727196632 0.650058064022
0.65 0.45888934896 0.448417206319
0.7 0.246448189818 0.238808560428
0.75 0.0932107321875 0.089478944668
0.8 0.0198066023195 0.0188153782882
0.85 0.00233298073789 0.00219990797339
0.9 8.82077971091e-05 8.26169700858e-05
0.95 5.07957314967e-07 4.75183294214e-07
1.0 8.4759994928e-15 1.11595292135e-14
