0.0 6.08490297956e-41 8.01140356594e-41
0.05 6.19357791978e-24 5.78767390257e-24
0.1 2.9648484232e-20 2.76900970306e-20
0.15 3.82687802422e-16 3.57245343376e-16
0.2 2.61074120819e-13 2.43680062182e-13
0.25 9.20207144637e-11 8.58843719625e-11
0.3 2.77893328102e-08 2.59385369792e-08
0.35 1.79948430928e-06 1.68074140733e-06
0.4 1.25574388342e-05 1.17331106351e-05
0.45 0.000268386038878 0.000252453525443
0.5 0.00179914796795 0.00170252422269
0.55 0.0118342266707 0.0112791713451
0.6 0.0467831793837 0.0448961330943
0.65 0.141151704967 0.136394150203
0.7 0.320866519547 0.312550829521
0.75 0.553598329426 0.54325826764
0.8 0.753922828372 0.744442036317
0.85 0.835156828495 0.827090549734
0.9 0.738266495878 0.729395199623
0.95 0.403416256737 0.395023837545
1.0 0.00281457556441 0.00370238037328
